I20251022 18:29:27.163144 46468 transform_utils.cpp:100] T_base_link_src:   -0.99896 -0.0444818 -0.0100093 -0.0174311
 0.0443173  -0.998888   0.016103  0.0610549
-0.0107144  0.0156426    0.99982 -0.0899312
         0          0          0          1
I20251022 18:29:27.163204 46468 transform_utils.cpp:103] T_base_link_t_camera: 4.89653e-12 4.89653e-12           1       0.085
         -1           0 4.89653e-12           0
          0          -1 4.89653e-12         0.3
          0           0           0           1
I20251022 18:29:27.163236 46468 transform_utils.cpp:106] T_odom_base_link_src:  0.0444818  0.0100093   -0.99896  -0.105345
  0.998888  -0.016103  0.0443173  0.0696527
-0.0156426   -0.99982 -0.0107144   0.209104
         0          0          0          1


I20251022 18:33:53.571794 47359 transform_utils.cpp:100] T_base_link_src:     -0.9995  -0.0305057 -0.00834559  0.00843108
    0.03038   -0.999429   0.0147929   0.0587842
-0.00879209   0.0145319    0.999856     -0.0896
          0           0           0           1
I20251022 18:33:53.571857 47359 transform_utils.cpp:103] T_base_link_t_camera: 4.89653e-12 4.89653e-12           1       0.085
         -1           0 4.89653e-12           0
          0          -1 4.89653e-12         0.3
          0           0           0           1
